[[1]]
number_knots1
   1    2    3    4    5 
0.19 0.39 0.29 0.08 0.05 

[[2]]
number_knots1
   1    2    3    4    5 
0.08 0.54 0.28 0.06 0.04 

[[3]]
number_knots1
   1    2    3    4    5 
0.06 0.57 0.27 0.04 0.06 

[[4]]
number_knots1
   1    2    3    4    5 
0.01 0.55 0.36 0.04 0.04 

[[1]]
lambda_knots1
   0 0.01 0.03  0.1  0.3    1    3   10   30 
0.04 0.01 0.04 0.03 0.05 0.04 0.15 0.25 0.39 

[[2]]
lambda_knots1
   0 0.01 0.03  0.1  0.3    1    3   10   30 
0.08 0.03 0.02 0.02 0.07 0.07 0.07 0.23 0.41 

[[3]]
lambda_knots1
   0 0.01 0.03  0.1  0.3    1    3   10   30 
0.06 0.05 0.01 0.02 0.06 0.08 0.16 0.25 0.31 

[[4]]
lambda_knots1
   0 0.01 0.03  0.1  0.3    1    3   10   30 
0.06 0.01 0.02 0.07 0.03 0.17 0.21 0.15 0.28 

[[1]]
number_knots2
   0    1    2    3    4    5 
0.10 0.51 0.22 0.08 0.06 0.03 

[[2]]
number_knots2
   0    1    2    3    4    5 
0.01 0.24 0.41 0.24 0.06 0.04 

[[3]]
number_knots2
   1    2    3    4    5 
0.12 0.55 0.20 0.07 0.06 

[[4]]
number_knots2
   1    2    3    4    5 
0.02 0.58 0.27 0.11 0.02 

[[1]]
lambda_knots2
   0 0.01 0.03  0.1  0.3    1    3 
0.27 0.05 0.10 0.29 0.18 0.09 0.02 

[[2]]
lambda_knots2
   0 0.01 0.03  0.1  0.3    1 
0.43 0.11 0.15 0.20 0.10 0.01 

[[3]]
lambda_knots2
   0 0.01 0.03  0.1  0.3    1 
0.47 0.11 0.17 0.21 0.02 0.02 

[[4]]
lambda_knots2
   0 0.01 0.03  0.1 
0.44 0.23 0.21 0.12 

[1] 4.120427 4.082175 4.028308 4.020598
[1] 5.765877 5.777983 5.727529 5.686061
[1] 4.153103 4.098410 4.031029 4.020547
[1] 5.793516 5.802984 5.732656 5.685741
[1] 3.975401 4.020725 4.000325 4.007024
[1] 5.577649 5.690516 5.687020 5.667225
