[[1]]
number_knots1
   0    1    2    3    4    5 
0.04 0.08 0.50 0.24 0.05 0.09 

[[2]]
number_knots1
   2    3    4    5 
0.60 0.21 0.13 0.06 

[[3]]
number_knots1
   2    3    4    5 
0.52 0.32 0.10 0.06 

[[4]]
number_knots1
   2    3    4    5 
0.59 0.29 0.08 0.04 

[[1]]
lambda_knots1
   0 0.01 0.03  0.1  0.3    1    3   10   30 
0.05 0.02 0.03 0.04 0.03 0.08 0.18 0.24 0.33 

[[2]]
lambda_knots1
   0 0.01 0.03  0.1  0.3    1    3   10   30 
0.05 0.01 0.04 0.03 0.04 0.09 0.22 0.30 0.22 

[[3]]
lambda_knots1
   0 0.01 0.03  0.1  0.3    1    3   10   30 
0.07 0.04 0.04 0.06 0.13 0.16 0.26 0.19 0.05 

[[4]]
lambda_knots1
   0 0.01 0.03  0.1  0.3    1    3   10 
0.11 0.03 0.05 0.07 0.08 0.20 0.25 0.21 

[[1]]
number_knots2
   0    1    2    3    4    5 
0.50 0.07 0.23 0.09 0.04 0.07 

[[2]]
number_knots2
   0    2    3    4    5 
0.12 0.34 0.27 0.15 0.12 

[[3]]
number_knots2
   0    2    3    4    5 
0.02 0.39 0.27 0.09 0.23 

[[4]]
number_knots2
   2    3    4    5 
0.50 0.25 0.17 0.08 

[[1]]
lambda_knots2
   0 0.01 0.03  0.1  0.3    1 
0.23 0.24 0.15 0.26 0.10 0.02 

[[2]]
lambda_knots2
   0 0.01 0.03  0.1 
0.64 0.15 0.08 0.13 

[[3]]
lambda_knots2
   0 0.01 0.03  0.1 
0.68 0.16 0.11 0.05 

[[4]]
lambda_knots2
   0 0.01 0.03  0.1 
0.82 0.07 0.10 0.01 

[1] 4.135902 4.075667 4.027802 4.020641
[1] 5.781289 5.763643 5.725037 5.683688
[1] 4.144846 4.092893 4.031030 4.020795
[1] 5.774717 5.816989 5.729852 5.684030
[1] 3.975401 4.020725 4.000325 4.007024
[1] 5.577649 5.690516 5.687020 5.667225
