[[1]]
number_knots1
   1    2    3    4    5 
0.26 0.37 0.21 0.09 0.07 

[[2]]
number_knots1
   1    2    3    4    5 
0.10 0.60 0.21 0.06 0.03 

[[3]]
number_knots1
   1    2    3    4    5 
0.01 0.41 0.29 0.18 0.11 

[[4]]
number_knots1
   1    2    3    4    5 
0.02 0.42 0.41 0.07 0.08 

[[1]]
lambda_knots1
   0 0.01 0.03  0.1  0.3    1    3   10   30 
0.04 0.06 0.04 0.04 0.06 0.10 0.15 0.25 0.26 

[[2]]
lambda_knots1
   0 0.01 0.03  0.1  0.3    1    3   10   30 
0.08 0.04 0.07 0.03 0.08 0.12 0.16 0.25 0.17 

[[3]]
lambda_knots1
   0 0.01 0.03  0.1  0.3    1    3   10   30 
0.09 0.06 0.07 0.07 0.11 0.14 0.19 0.23 0.04 

[[4]]
lambda_knots1
   0 0.01 0.03  0.1  0.3    1    3   10   30 
0.10 0.09 0.04 0.04 0.04 0.16 0.25 0.21 0.07 

[[1]]
number_knots2
   1    2    3    4    5 
0.35 0.36 0.16 0.06 0.07 

[[2]]
number_knots2
   1    2    3    4    5 
0.12 0.62 0.16 0.07 0.03 

[[3]]
number_knots2
   1    2    3    4    5 
0.05 0.49 0.24 0.14 0.08 

[[4]]
number_knots2
   1    2    3    4    5 
0.01 0.48 0.39 0.08 0.04 

[[1]]
lambda_knots2
   0 0.01 0.03  0.1  0.3    1    3   10 
0.26 0.10 0.07 0.17 0.10 0.05 0.11 0.14 

[[2]]
lambda_knots2
   0 0.01 0.03  0.1  0.3    1    3   10 
0.62 0.07 0.05 0.11 0.05 0.05 0.01 0.04 

[[3]]
lambda_knots2
   0 0.01 0.03  0.1  0.3    1   10 
0.34 0.11 0.16 0.30 0.05 0.02 0.02 

[[4]]
lambda_knots2
   0 0.01 0.03  0.1  0.3    1 
0.36 0.12 0.26 0.18 0.03 0.05 

[1] 4.134542 4.089081 4.032979 4.022662
[1] 5.790044 5.786299 5.731700 5.686836
[1] 4.146461 4.087265 4.035158 4.022670
[1] 5.819776 5.781401 5.732346 5.687289
[1] 3.975401 4.020725 4.000325 4.007024
[1] 5.577649 5.690516 5.687020 5.667225
