[[1]]
data frame with 0 columns and 3 rows

[1] 300
[1] 900
[1] 300
[1] 900
[[1]]
     [,1]     [,2]     [,3]     [,4]     [,5]
[1,]    0 1.040592 1.507298 1.002265 1.407388
[2,]    0 1.120716 1.805643 1.018145 1.427090
[3,]    0 1.105536 1.623384 1.240009 1.780427

[[2]]
     [,1]     [,2]     [,3]    [,4]     [,5]
[1,]    0 4.303967 7.083868 3.98261 5.528582
[2,]    0 4.246975 6.563006 4.13500 5.833714
[3,]    0 4.161198 6.585741 3.95792 5.441601

[[1]]
     [,1]     [,2]     [,3]     [,4]     [,5]
[1,]    0 1.040592 1.507298 1.002265 1.407388
[2,]    0 1.120716 1.805643 1.018145 1.427090
[3,]    0 1.105536 1.623384 1.240009 1.780427

[[2]]
     [,1]     [,2]     [,3]    [,4]     [,5]
[1,]    0 4.303967 7.083868 3.98261 5.528582
[2,]    0 4.246975 6.563006 4.13500 5.833714
[3,]    0 4.161198 6.585741 3.95792 5.441601

