[[1]]
number_knots1
   1    2    3    4    5 
0.68 0.12 0.05 0.04 0.11 

[[2]]
number_knots1
   1    2    3    4    5 
0.74 0.10 0.10 0.01 0.05 

[[3]]
number_knots1
   1    2    3    4    5 
0.84 0.11 0.01 0.03 0.01 

[[4]]
number_knots1
   1    2    3    4 
0.86 0.09 0.02 0.03 

[[1]]
lambda_knots1
   0 0.01 0.03  0.1  0.3    1 
0.13 0.22 0.23 0.20 0.21 0.01 

[[2]]
lambda_knots1
   0 0.01 0.03  0.1  0.3 
0.10 0.30 0.26 0.21 0.13 

[[3]]
lambda_knots1
   0 0.01 0.03  0.1  0.3 
0.10 0.29 0.29 0.26 0.06 

[[4]]
lambda_knots1
   0 0.01 0.03  0.1  0.3 
0.06 0.41 0.29 0.22 0.02 

[[1]]
number_knots2
   1    2    3    4    5 
0.63 0.12 0.03 0.04 0.18 

[[2]]
number_knots2
   1    2    3    4    5 
0.76 0.15 0.03 0.02 0.04 

[[3]]
number_knots2
   1    2    3    4    5 
0.80 0.14 0.02 0.03 0.01 

[[4]]
number_knots2
   1    2    3    4    5 
0.81 0.13 0.02 0.02 0.02 

[[1]]
lambda_knots2
   0 0.01 0.03  0.1  0.3    1    3   10 
0.33 0.14 0.07 0.19 0.14 0.03 0.05 0.05 

[[2]]
lambda_knots2
   0 0.01 0.03  0.1  0.3    1    3   10 
0.18 0.29 0.12 0.19 0.03 0.06 0.07 0.06 

[[3]]
lambda_knots2
   0 0.01 0.03  0.1  0.3    1    3   10 
0.15 0.33 0.11 0.13 0.01 0.04 0.03 0.20 

[[4]]
lambda_knots2
   0 0.01 0.03  0.1    1    3   10 
0.11 0.38 0.12 0.03 0.07 0.08 0.21 

[1] 4.106785 4.066082 4.020465 4.015473
[1] 5.729636 5.750628 5.717657 5.676678
[1] 4.109269 4.064020 4.019613 4.016001
[1] 5.726590 5.748760 5.715641 5.678061
[1] 3.975401 4.020725 4.000325 4.007024
[1] 5.577649 5.690516 5.687020 5.667225
