[[1]]
number_knots1
   3    4    5 
0.57 0.19 0.24 

[[2]]
number_knots1
   3    4    5 
0.67 0.18 0.15 

[[3]]
number_knots1
   3    4    5 
0.73 0.14 0.13 

[[4]]
number_knots1
   3    4    5 
0.80 0.09 0.11 

[[1]]
lambda_knots1
   0 0.01 0.03  0.1 
0.21 0.32 0.33 0.14 

[[2]]
lambda_knots1
   0 0.01 0.03  0.1 
0.32 0.45 0.21 0.02 

[[3]]
lambda_knots1
   0 0.01 0.03 
0.33 0.41 0.26 

[[4]]
lambda_knots1
   0 0.01 0.03 
0.32 0.65 0.03 

[[1]]
number_knots2
   3    4    5 
0.54 0.16 0.30 

[[2]]
number_knots2
   3    4    5 
0.72 0.17 0.11 

[[3]]
number_knots2
   3    4    5 
0.65 0.20 0.15 

[[4]]
number_knots2
   3    4    5 
0.73 0.15 0.12 

[[1]]
lambda_knots2
   0 0.01 0.03  0.1  0.3    1 
0.55 0.04 0.02 0.14 0.16 0.09 

[[2]]
lambda_knots2
   0 0.01 0.03  0.1  0.3    1 
0.40 0.17 0.14 0.15 0.06 0.08 

[[3]]
lambda_knots2
   0 0.01 0.03  0.1  0.3 
0.43 0.21 0.17 0.12 0.07 

[[4]]
lambda_knots2
   0 0.01 0.03  0.1  0.3 
0.40 0.38 0.16 0.02 0.04 

[1] 4.167792 4.106032 4.034318 4.024002
[1] 5.845244 5.799518 5.732502 5.691444
[1] 4.167706 4.101442 4.034727 4.025558
[1] 5.847301 5.795862 5.733450 5.693304
[1] 3.975401 4.020725 4.000325 4.007024
[1] 5.577649 5.690516 5.687020 5.667225
